6
2
72

Weights:
0.013888888888888888 0.013888888888888888 0.013888888888888888 0.013888888888888888 0.013888888888888888 0.013888888888888888 0.013888888888888888 0.013888888888888888 0.013888888888888888 0.013888888888888888 0.013888888888888888 0.013888888888888888 0.013888888888888888 0.013888888888888888 0.013888888888888888 0.013888888888888888 0.013888888888888888 0.013888888888888888 0.013888888888888888 0.013888888888888888 0.013888888888888888 0.013888888888888888 0.013888888888888888 0.013888888888888888 0.013888888888888888 0.013888888888888888 0.013888888888888888 0.013888888888888888 0.013888888888888888 0.013888888888888888 0.013888888888888888 0.013888888888888888 0.013888888888888888 0.013888888888888888 0.013888888888888888 0.013888888888888888 0.013888888888888888 0.013888888888888888 0.013888888888888888 0.013888888888888888 0.013888888888888888 0.013888888888888888 0.013888888888888888 0.013888888888888888 0.013888888888888888 0.013888888888888888 0.013888888888888888 0.013888888888888888 0.013888888888888888 0.013888888888888888 0.013888888888888888 0.013888888888888888 0.013888888888888888 0.013888888888888888 0.013888888888888888 0.013888888888888888 0.013888888888888888 0.013888888888888888 0.013888888888888888 0.013888888888888888 0.013888888888888888 0.013888888888888888 0.013888888888888888 0.013888888888888888 0.013888888888888888 0.013888888888888888 0.013888888888888888 0.013888888888888888 0.013888888888888888 0.013888888888888888 0.013888888888888888 0.013888888888888888 

Initial_Distribution:
0.25 0.25 0.25 0.25 0 0 
0.25 0.25 0.25 0.25 0 0 
0.25 0.25 0.25 0.25 0 0 
0.25 0.25 0.25 0.25 0 0 
0.25 0.25 0.25 0.25 0 0 
0.25 0.25 0.25 0.25 0 0 
0.25 0.25 0.25 0.25 0 0 
0.25 0.25 0.25 0.25 0 0 
0.25 0.25 0.25 0.25 0 0 
0.25 0.25 0.25 0.25 0 0 
0.25 0.25 0.25 0.25 0 0 
0.25 0.25 0.25 0.25 0 0 
0.25 0.25 0.25 0.25 0 0 
0.25 0.25 0.25 0.25 0 0 
0.25 0.25 0.25 0.25 0 0 
0.25 0.25 0.25 0.25 0 0 
0.25 0.25 0.25 0.25 0 0 
0.25 0.25 0.25 0.25 0 0 
0.25 0.25 0.25 0.25 0 0 
0.25 0.25 0.25 0.25 0 0 
0.25 0.25 0.25 0.25 0 0 
0.25 0.25 0.25 0.25 0 0 
0.25 0.25 0.25 0.25 0 0 
0.25 0.25 0.25 0.25 0 0 
0.25 0.25 0.25 0.25 0 0 
0.25 0.25 0.25 0.25 0 0 
0.25 0.25 0.25 0.25 0 0 
0.25 0.25 0.25 0.25 0 0 
0.25 0.25 0.25 0.25 0 0 
0.25 0.25 0.25 0.25 0 0 
0.25 0.25 0.25 0.25 0 0 
0.25 0.25 0.25 0.25 0 0 
0.25 0.25 0.25 0.25 0 0 
0.25 0.25 0.25 0.25 0 0 
0.25 0.25 0.25 0.25 0 0 
0.25 0.25 0.25 0.25 0 0 
0.25 0.25 0.25 0.25 0 0 
0.25 0.25 0.25 0.25 0 0 
0.25 0.25 0.25 0.25 0 0 
0.25 0.25 0.25 0.25 0 0 
0.25 0.25 0.25 0.25 0 0 
0.25 0.25 0.25 0.25 0 0 
0.25 0.25 0.25 0.25 0 0 
0.25 0.25 0.25 0.25 0 0 
0.25 0.25 0.25 0.25 0 0 
0.25 0.25 0.25 0.25 0 0 
0.25 0.25 0.25 0.25 0 0 
0.25 0.25 0.25 0.25 0 0 
0.25 0.25 0.25 0.25 0 0 
0.25 0.25 0.25 0.25 0 0 
0.25 0.25 0.25 0.25 0 0 
0.25 0.25 0.25 0.25 0 0 
0.25 0.25 0.25 0.25 0 0 
0.25 0.25 0.25 0.25 0 0 
0.25 0.25 0.25 0.25 0 0 
0.25 0.25 0.25 0.25 0 0 
0.25 0.25 0.25 0.25 0 0 
0.25 0.25 0.25 0.25 0 0 
0.25 0.25 0.25 0.25 0 0 
0.25 0.25 0.25 0.25 0 0 
0.25 0.25 0.25 0.25 0 0 
0.25 0.25 0.25 0.25 0 0 
0.25 0.25 0.25 0.25 0 0 
0.25 0.25 0.25 0.25 0 0 
0.25 0.25 0.25 0.25 0 0 
0.25 0.25 0.25 0.25 0 0 
0.25 0.25 0.25 0.25 0 0 
0.25 0.25 0.25 0.25 0 0 
0.25 0.25 0.25 0.25 0 0 
0.25 0.25 0.25 0.25 0 0 
0.25 0.25 0.25 0.25 0 0 
0.25 0.25 0.25 0.25 0 0 

Rewards:
0.88 4.50774 
0.91 8.56818 
0.97 13.50675 
0.97 19.41057 
0.0 0.0 
0.0 0.0 

0.88 3.53772 
0.91 6.68736 
0.97 10.557 
0.97 15.17148 
0.0 0.0 
0.0 0.0 

0.88 2.51064 
0.91 4.80654 
0.97 7.60725 
0.97 10.93239 
0.0 0.0 
0.0 0.0 

0.88 4.50774 
0.91 8.56818 
0.97 13.50675 
0.97 19.41057 
0.0 0.0 
0.0 0.0 

0.88 3.53772 
0.91 6.68736 
0.97 10.557 
0.97 15.17148 
0.0 0.0 
0.0 0.0 

0.88 2.51064 
0.91 4.80654 
0.97 7.60725 
0.97 10.93239 
0.0 0.0 
0.0 0.0 

0.88 4.50774 
0.91 8.56818 
0.97 13.50675 
0.97 19.41057 
0.0 0.0 
0.0 0.0 

0.88 3.53772 
0.91 6.68736 
0.97 10.557 
0.97 15.17148 
0.0 0.0 
0.0 0.0 

0.88 2.51064 
0.91 4.80654 
0.97 7.60725 
0.97 10.93239 
0.0 0.0 
0.0 0.0 

0.88 4.50774 
0.91 8.56818 
0.97 13.50675 
0.97 19.41057 
0.0 0.0 
0.0 0.0 

0.88 3.53772 
0.91 6.68736 
0.97 10.557 
0.97 15.17148 
0.0 0.0 
0.0 0.0 

0.88 2.51064 
0.91 4.80654 
0.97 7.60725 
0.97 10.93239 
0.0 0.0 
0.0 0.0 

0.88 5.0086 
0.91 9.520199999999999 
0.97 15.0075 
0.97 21.5673 
0.0 0.0 
0.0 0.0 

0.88 3.9308 
0.91 7.4304 
0.97 11.73 
0.97 16.857200000000002 
0.0 0.0 
0.0 0.0 

0.88 2.7896 
0.91 5.3406 
0.97 8.4525 
0.97 12.1471 
0.0 0.0 
0.0 0.0 

0.88 5.0086 
0.91 9.520199999999999 
0.97 15.0075 
0.97 21.5673 
0.0 0.0 
0.0 0.0 

0.88 3.9308 
0.91 7.4304 
0.97 11.73 
0.97 16.857200000000002 
0.0 0.0 
0.0 0.0 

0.88 2.7896 
0.91 5.3406 
0.97 8.4525 
0.97 12.1471 
0.0 0.0 
0.0 0.0 

0.88 5.0086 
0.91 9.520199999999999 
0.97 15.0075 
0.97 21.5673 
0.0 0.0 
0.0 0.0 

0.88 3.9308 
0.91 7.4304 
0.97 11.73 
0.97 16.857200000000002 
0.0 0.0 
0.0 0.0 

0.88 2.7896 
0.91 5.3406 
0.97 8.4525 
0.97 12.1471 
0.0 0.0 
0.0 0.0 

0.88 5.0086 
0.91 9.520199999999999 
0.97 15.0075 
0.97 21.5673 
0.0 0.0 
0.0 0.0 

0.88 3.9308 
0.91 7.4304 
0.97 11.73 
0.97 16.857200000000002 
0.0 0.0 
0.0 0.0 

0.88 2.7896 
0.91 5.3406 
0.97 8.4525 
0.97 12.1471 
0.0 0.0 
0.0 0.0 

0.88 5.509460000000001 
0.91 10.47222 
0.97 16.50825 
0.97 23.724030000000003 
0.0 0.0 
0.0 0.0 

0.88 4.32388 
0.91 8.173440000000001 
0.97 12.903000000000002 
0.97 18.542920000000002 
0.0 0.0 
0.0 0.0 

0.88 3.06856 
0.91 5.87466 
0.97 9.29775 
0.97 13.36181 
0.0 0.0 
0.0 0.0 

0.88 5.509460000000001 
0.91 10.47222 
0.97 16.50825 
0.97 23.724030000000003 
0.0 0.0 
0.0 0.0 

0.88 4.32388 
0.91 8.173440000000001 
0.97 12.903000000000002 
0.97 18.542920000000002 
0.0 0.0 
0.0 0.0 

0.88 3.06856 
0.91 5.87466 
0.97 9.29775 
0.97 13.36181 
0.0 0.0 
0.0 0.0 

0.88 5.509460000000001 
0.91 10.47222 
0.97 16.50825 
0.97 23.724030000000003 
0.0 0.0 
0.0 0.0 

0.88 4.32388 
0.91 8.173440000000001 
0.97 12.903000000000002 
0.97 18.542920000000002 
0.0 0.0 
0.0 0.0 

0.88 3.06856 
0.91 5.87466 
0.97 9.29775 
0.97 13.36181 
0.0 0.0 
0.0 0.0 

0.88 5.509460000000001 
0.91 10.47222 
0.97 16.50825 
0.97 23.724030000000003 
0.0 0.0 
0.0 0.0 

0.88 4.32388 
0.91 8.173440000000001 
0.97 12.903000000000002 
0.97 18.542920000000002 
0.0 0.0 
0.0 0.0 

0.88 3.06856 
0.91 5.87466 
0.97 9.29775 
0.97 13.36181 
0.0 0.0 
0.0 0.0 

0.79 4.05126 
0.84 7.94124 
0.94 13.19625 
0.94 18.96435 
0.0 0.0 
0.0 0.0 

0.79 3.1383000000000005 
0.84 6.16491 
0.94 10.246500000000001 
0.94 14.72526 
0.0 0.0 
0.0 0.0 

0.79 2.2824000000000004 
0.84 4.38858 
0.94 7.296749999999999 
0.94 10.48617 
0.0 0.0 
0.0 0.0 

0.79 4.05126 
0.84 7.94124 
0.94 13.19625 
0.94 18.96435 
0.0 0.0 
0.0 0.0 

0.79 3.1383000000000005 
0.84 6.16491 
0.94 10.246500000000001 
0.94 14.72526 
0.0 0.0 
0.0 0.0 

0.79 2.2824000000000004 
0.84 4.38858 
0.94 7.296749999999999 
0.94 10.48617 
0.0 0.0 
0.0 0.0 

0.79 4.05126 
0.84 7.94124 
0.94 13.19625 
0.94 18.96435 
0.0 0.0 
0.0 0.0 

0.79 3.1383000000000005 
0.84 6.16491 
0.94 10.246500000000001 
0.94 14.72526 
0.0 0.0 
0.0 0.0 

0.79 2.2824000000000004 
0.84 4.38858 
0.94 7.296749999999999 
0.94 10.48617 
0.0 0.0 
0.0 0.0 

0.79 4.05126 
0.84 7.94124 
0.94 13.19625 
0.94 18.96435 
0.0 0.0 
0.0 0.0 

0.79 3.1383000000000005 
0.84 6.16491 
0.94 10.246500000000001 
0.94 14.72526 
0.0 0.0 
0.0 0.0 

0.79 2.2824000000000004 
0.84 4.38858 
0.94 7.296749999999999 
0.94 10.48617 
0.0 0.0 
0.0 0.0 

0.79 4.501399999999999 
0.84 8.823599999999999 
0.94 14.6625 
0.94 21.0715 
0.0 0.0 
0.0 0.0 

0.79 3.487 
0.84 6.849899999999999 
0.94 11.385 
0.94 16.3614 
0.0 0.0 
0.0 0.0 

0.79 2.536 
0.84 4.8762 
0.94 8.1075 
0.94 11.651299999999999 
0.0 0.0 
0.0 0.0 

0.79 4.501399999999999 
0.84 8.823599999999999 
0.94 14.6625 
0.94 21.0715 
0.0 0.0 
0.0 0.0 

0.79 3.487 
0.84 6.849899999999999 
0.94 11.385 
0.94 16.3614 
0.0 0.0 
0.0 0.0 

0.79 2.536 
0.84 4.8762 
0.94 8.1075 
0.94 11.651299999999999 
0.0 0.0 
0.0 0.0 

0.79 4.501399999999999 
0.84 8.823599999999999 
0.94 14.6625 
0.94 21.0715 
0.0 0.0 
0.0 0.0 

0.79 3.487 
0.84 6.849899999999999 
0.94 11.385 
0.94 16.3614 
0.0 0.0 
0.0 0.0 

0.79 2.536 
0.84 4.8762 
0.94 8.1075 
0.94 11.651299999999999 
0.0 0.0 
0.0 0.0 

0.79 4.501399999999999 
0.84 8.823599999999999 
0.94 14.6625 
0.94 21.0715 
0.0 0.0 
0.0 0.0 

0.79 3.487 
0.84 6.849899999999999 
0.94 11.385 
0.94 16.3614 
0.0 0.0 
0.0 0.0 

0.79 2.536 
0.84 4.8762 
0.94 8.1075 
0.94 11.651299999999999 
0.0 0.0 
0.0 0.0 

0.79 4.95154 
0.84 9.705960000000001 
0.94 16.12875 
0.94 23.17865 
0.0 0.0 
0.0 0.0 

0.79 3.8357000000000006 
0.84 7.53489 
0.94 12.523500000000002 
0.94 17.99754 
0.0 0.0 
0.0 0.0 

0.79 2.7896 
0.84 5.3638200000000005 
0.94 8.91825 
0.94 12.81643 
0.0 0.0 
0.0 0.0 

0.79 4.95154 
0.84 9.705960000000001 
0.94 16.12875 
0.94 23.17865 
0.0 0.0 
0.0 0.0 

0.79 3.8357000000000006 
0.84 7.53489 
0.94 12.523500000000002 
0.94 17.99754 
0.0 0.0 
0.0 0.0 

0.79 2.7896 
0.84 5.3638200000000005 
0.94 8.91825 
0.94 12.81643 
0.0 0.0 
0.0 0.0 

0.79 4.95154 
0.84 9.705960000000001 
0.94 16.12875 
0.94 23.17865 
0.0 0.0 
0.0 0.0 

0.79 3.8357000000000006 
0.84 7.53489 
0.94 12.523500000000002 
0.94 17.99754 
0.0 0.0 
0.0 0.0 

0.79 2.7896 
0.84 5.3638200000000005 
0.94 8.91825 
0.94 12.81643 
0.0 0.0 
0.0 0.0 

0.79 4.95154 
0.84 9.705960000000001 
0.94 16.12875 
0.94 23.17865 
0.0 0.0 
0.0 0.0 

0.79 3.8357000000000006 
0.84 7.53489 
0.94 12.523500000000002 
0.94 17.99754 
0.0 0.0 
0.0 0.0 

0.79 2.7896 
0.84 5.3638200000000005 
0.94 8.91825 
0.94 12.81643 
0.0 0.0 
0.0 0.0 


TPS:
0.1 0.0 0.0 0.0 0.9 0.0 
0.0 0.0 0.0 0.0 0.0 1.0 

0.55 0.05 0.0 0.0 0.4 0.0 
0.0 0.0 0.0 0.0 0.0 1.0 

0.05 0.5 0.4 0.0 0.05 0.0 
0.0 0.0 0.0 0.0 0.0 1.0 

0.08 0.1 0.2 0.6 0.02 0.0 
0.0 0.0 0.0 0.0 0.0 1.0 

0.0 0.0 0.0 0.0 1.0 0.0 
0.0 0.0 0.0 0.0 1.0 0.0 

0.0 0.0 0.0 0.0 0.0 1.0 
0.0 0.0 0.0 0.0 0.0 1.0 


0.1 0.0 0.0 0.0 0.9 0.0 
0.0 0.0 0.0 0.0 0.0 1.0 

0.55 0.05 0.0 0.0 0.4 0.0 
0.0 0.0 0.0 0.0 0.0 1.0 

0.05 0.5 0.4 0.0 0.05 0.0 
0.0 0.0 0.0 0.0 0.0 1.0 

0.08 0.1 0.2 0.6 0.02 0.0 
0.0 0.0 0.0 0.0 0.0 1.0 

0.0 0.0 0.0 0.0 1.0 0.0 
0.0 0.0 0.0 0.0 1.0 0.0 

0.0 0.0 0.0 0.0 0.0 1.0 
0.0 0.0 0.0 0.0 0.0 1.0 


0.1 0.0 0.0 0.0 0.9 0.0 
0.0 0.0 0.0 0.0 0.0 1.0 

0.55 0.05 0.0 0.0 0.4 0.0 
0.0 0.0 0.0 0.0 0.0 1.0 

0.05 0.5 0.4 0.0 0.05 0.0 
0.0 0.0 0.0 0.0 0.0 1.0 

0.08 0.1 0.2 0.6 0.02 0.0 
0.0 0.0 0.0 0.0 0.0 1.0 

0.0 0.0 0.0 0.0 1.0 0.0 
0.0 0.0 0.0 0.0 1.0 0.0 

0.0 0.0 0.0 0.0 0.0 1.0 
0.0 0.0 0.0 0.0 0.0 1.0 


0.1 0.0 0.0 0.0 0.9 0.0 
0.0 0.0 0.0 0.0 0.0 1.0 

0.2 0.1 0.0 0.0 0.7 0.0 
0.0 0.0 0.0 0.0 0.0 1.0 

0.1 0.3 0.1 0.0 0.5 0.0 
0.0 0.0 0.0 0.0 0.0 1.0 

0.1 0.2 0.3 0.1 0.3 0.0 
0.0 0.0 0.0 0.0 0.0 1.0 

0.0 0.0 0.0 0.0 1.0 0.0 
0.0 0.0 0.0 0.0 1.0 0.0 

0.0 0.0 0.0 0.0 0.0 1.0 
0.0 0.0 0.0 0.0 0.0 1.0 


0.1 0.0 0.0 0.0 0.9 0.0 
0.0 0.0 0.0 0.0 0.0 1.0 

0.2 0.1 0.0 0.0 0.7 0.0 
0.0 0.0 0.0 0.0 0.0 1.0 

0.1 0.3 0.1 0.0 0.5 0.0 
0.0 0.0 0.0 0.0 0.0 1.0 

0.1 0.2 0.3 0.1 0.3 0.0 
0.0 0.0 0.0 0.0 0.0 1.0 

0.0 0.0 0.0 0.0 1.0 0.0 
0.0 0.0 0.0 0.0 1.0 0.0 

0.0 0.0 0.0 0.0 0.0 1.0 
0.0 0.0 0.0 0.0 0.0 1.0 


0.1 0.0 0.0 0.0 0.9 0.0 
0.0 0.0 0.0 0.0 0.0 1.0 

0.2 0.1 0.0 0.0 0.7 0.0 
0.0 0.0 0.0 0.0 0.0 1.0 

0.1 0.3 0.1 0.0 0.5 0.0 
0.0 0.0 0.0 0.0 0.0 1.0 

0.1 0.2 0.3 0.1 0.3 0.0 
0.0 0.0 0.0 0.0 0.0 1.0 

0.0 0.0 0.0 0.0 1.0 0.0 
0.0 0.0 0.0 0.0 1.0 0.0 

0.0 0.0 0.0 0.0 0.0 1.0 
0.0 0.0 0.0 0.0 0.0 1.0 


0.7 0.0 0.0 0.0 0.3 0.0 
0.0 0.0 0.0 0.0 0.0 1.0 

0.2 0.7 0.0 0.0 0.1 0.0 
0.0 0.0 0.0 0.0 0.0 1.0 

0.075 0.2 0.7 0.0 0.025 0.0 
0.0 0.0 0.0 0.0 0.0 1.0 

0.01 0.05 0.131 0.8 0.009 0.0 
0.0 0.0 0.0 0.0 0.0 1.0 

0.0 0.0 0.0 0.0 1.0 0.0 
0.0 0.0 0.0 0.0 1.0 0.0 

0.0 0.0 0.0 0.0 0.0 1.0 
0.0 0.0 0.0 0.0 0.0 1.0 


0.7 0.0 0.0 0.0 0.3 0.0 
0.0 0.0 0.0 0.0 0.0 1.0 

0.2 0.7 0.0 0.0 0.1 0.0 
0.0 0.0 0.0 0.0 0.0 1.0 

0.075 0.2 0.7 0.0 0.025 0.0 
0.0 0.0 0.0 0.0 0.0 1.0 

0.01 0.05 0.131 0.8 0.009 0.0 
0.0 0.0 0.0 0.0 0.0 1.0 

0.0 0.0 0.0 0.0 1.0 0.0 
0.0 0.0 0.0 0.0 1.0 0.0 

0.0 0.0 0.0 0.0 0.0 1.0 
0.0 0.0 0.0 0.0 0.0 1.0 


0.7 0.0 0.0 0.0 0.3 0.0 
0.0 0.0 0.0 0.0 0.0 1.0 

0.2 0.7 0.0 0.0 0.1 0.0 
0.0 0.0 0.0 0.0 0.0 1.0 

0.075 0.2 0.7 0.0 0.025 0.0 
0.0 0.0 0.0 0.0 0.0 1.0 

0.01 0.05 0.131 0.8 0.009 0.0 
0.0 0.0 0.0 0.0 0.0 1.0 

0.0 0.0 0.0 0.0 1.0 0.0 
0.0 0.0 0.0 0.0 1.0 0.0 

0.0 0.0 0.0 0.0 0.0 1.0 
0.0 0.0 0.0 0.0 0.0 1.0 


0.9 0.0 0.0 0.0 0.1 0.0 
0.0 0.0 0.0 0.0 0.0 1.0 

0.075 0.9 0.0 0.0 0.025 0.0 
0.0 0.0 0.0 0.0 0.0 1.0 

0.01 0.081 0.9 0.0 0.009 0.0 
0.0 0.0 0.0 0.0 0.0 1.0 

0.015 0.03 0.054 0.9 0.001 0.0 
0.0 0.0 0.0 0.0 0.0 1.0 

0.0 0.0 0.0 0.0 1.0 0.0 
0.0 0.0 0.0 0.0 1.0 0.0 

0.0 0.0 0.0 0.0 0.0 1.0 
0.0 0.0 0.0 0.0 0.0 1.0 


0.9 0.0 0.0 0.0 0.1 0.0 
0.0 0.0 0.0 0.0 0.0 1.0 

0.075 0.9 0.0 0.0 0.025 0.0 
0.0 0.0 0.0 0.0 0.0 1.0 

0.01 0.081 0.9 0.0 0.009 0.0 
0.0 0.0 0.0 0.0 0.0 1.0 

0.015 0.03 0.054 0.9 0.001 0.0 
0.0 0.0 0.0 0.0 0.0 1.0 

0.0 0.0 0.0 0.0 1.0 0.0 
0.0 0.0 0.0 0.0 1.0 0.0 

0.0 0.0 0.0 0.0 0.0 1.0 
0.0 0.0 0.0 0.0 0.0 1.0 


0.9 0.0 0.0 0.0 0.1 0.0 
0.0 0.0 0.0 0.0 0.0 1.0 

0.075 0.9 0.0 0.0 0.025 0.0 
0.0 0.0 0.0 0.0 0.0 1.0 

0.01 0.081 0.9 0.0 0.009 0.0 
0.0 0.0 0.0 0.0 0.0 1.0 

0.015 0.03 0.054 0.9 0.001 0.0 
0.0 0.0 0.0 0.0 0.0 1.0 

0.0 0.0 0.0 0.0 1.0 0.0 
0.0 0.0 0.0 0.0 1.0 0.0 

0.0 0.0 0.0 0.0 0.0 1.0 
0.0 0.0 0.0 0.0 0.0 1.0 


0.1 0.0 0.0 0.0 0.9 0.0 
0.0 0.0 0.0 0.0 0.0 1.0 

0.55 0.05 0.0 0.0 0.4 0.0 
0.0 0.0 0.0 0.0 0.0 1.0 

0.05 0.5 0.4 0.0 0.05 0.0 
0.0 0.0 0.0 0.0 0.0 1.0 

0.08 0.1 0.2 0.6 0.02 0.0 
0.0 0.0 0.0 0.0 0.0 1.0 

0.0 0.0 0.0 0.0 1.0 0.0 
0.0 0.0 0.0 0.0 1.0 0.0 

0.0 0.0 0.0 0.0 0.0 1.0 
0.0 0.0 0.0 0.0 0.0 1.0 


0.1 0.0 0.0 0.0 0.9 0.0 
0.0 0.0 0.0 0.0 0.0 1.0 

0.55 0.05 0.0 0.0 0.4 0.0 
0.0 0.0 0.0 0.0 0.0 1.0 

0.05 0.5 0.4 0.0 0.05 0.0 
0.0 0.0 0.0 0.0 0.0 1.0 

0.08 0.1 0.2 0.6 0.02 0.0 
0.0 0.0 0.0 0.0 0.0 1.0 

0.0 0.0 0.0 0.0 1.0 0.0 
0.0 0.0 0.0 0.0 1.0 0.0 

0.0 0.0 0.0 0.0 0.0 1.0 
0.0 0.0 0.0 0.0 0.0 1.0 


0.1 0.0 0.0 0.0 0.9 0.0 
0.0 0.0 0.0 0.0 0.0 1.0 

0.55 0.05 0.0 0.0 0.4 0.0 
0.0 0.0 0.0 0.0 0.0 1.0 

0.05 0.5 0.4 0.0 0.05 0.0 
0.0 0.0 0.0 0.0 0.0 1.0 

0.08 0.1 0.2 0.6 0.02 0.0 
0.0 0.0 0.0 0.0 0.0 1.0 

0.0 0.0 0.0 0.0 1.0 0.0 
0.0 0.0 0.0 0.0 1.0 0.0 

0.0 0.0 0.0 0.0 0.0 1.0 
0.0 0.0 0.0 0.0 0.0 1.0 


0.1 0.0 0.0 0.0 0.9 0.0 
0.0 0.0 0.0 0.0 0.0 1.0 

0.2 0.1 0.0 0.0 0.7 0.0 
0.0 0.0 0.0 0.0 0.0 1.0 

0.1 0.3 0.1 0.0 0.5 0.0 
0.0 0.0 0.0 0.0 0.0 1.0 

0.1 0.2 0.3 0.1 0.3 0.0 
0.0 0.0 0.0 0.0 0.0 1.0 

0.0 0.0 0.0 0.0 1.0 0.0 
0.0 0.0 0.0 0.0 1.0 0.0 

0.0 0.0 0.0 0.0 0.0 1.0 
0.0 0.0 0.0 0.0 0.0 1.0 


0.1 0.0 0.0 0.0 0.9 0.0 
0.0 0.0 0.0 0.0 0.0 1.0 

0.2 0.1 0.0 0.0 0.7 0.0 
0.0 0.0 0.0 0.0 0.0 1.0 

0.1 0.3 0.1 0.0 0.5 0.0 
0.0 0.0 0.0 0.0 0.0 1.0 

0.1 0.2 0.3 0.1 0.3 0.0 
0.0 0.0 0.0 0.0 0.0 1.0 

0.0 0.0 0.0 0.0 1.0 0.0 
0.0 0.0 0.0 0.0 1.0 0.0 

0.0 0.0 0.0 0.0 0.0 1.0 
0.0 0.0 0.0 0.0 0.0 1.0 


0.1 0.0 0.0 0.0 0.9 0.0 
0.0 0.0 0.0 0.0 0.0 1.0 

0.2 0.1 0.0 0.0 0.7 0.0 
0.0 0.0 0.0 0.0 0.0 1.0 

0.1 0.3 0.1 0.0 0.5 0.0 
0.0 0.0 0.0 0.0 0.0 1.0 

0.1 0.2 0.3 0.1 0.3 0.0 
0.0 0.0 0.0 0.0 0.0 1.0 

0.0 0.0 0.0 0.0 1.0 0.0 
0.0 0.0 0.0 0.0 1.0 0.0 

0.0 0.0 0.0 0.0 0.0 1.0 
0.0 0.0 0.0 0.0 0.0 1.0 


0.7 0.0 0.0 0.0 0.3 0.0 
0.0 0.0 0.0 0.0 0.0 1.0 

0.2 0.7 0.0 0.0 0.1 0.0 
0.0 0.0 0.0 0.0 0.0 1.0 

0.075 0.2 0.7 0.0 0.025 0.0 
0.0 0.0 0.0 0.0 0.0 1.0 

0.01 0.05 0.131 0.8 0.009 0.0 
0.0 0.0 0.0 0.0 0.0 1.0 

0.0 0.0 0.0 0.0 1.0 0.0 
0.0 0.0 0.0 0.0 1.0 0.0 

0.0 0.0 0.0 0.0 0.0 1.0 
0.0 0.0 0.0 0.0 0.0 1.0 


0.7 0.0 0.0 0.0 0.3 0.0 
0.0 0.0 0.0 0.0 0.0 1.0 

0.2 0.7 0.0 0.0 0.1 0.0 
0.0 0.0 0.0 0.0 0.0 1.0 

0.075 0.2 0.7 0.0 0.025 0.0 
0.0 0.0 0.0 0.0 0.0 1.0 

0.01 0.05 0.131 0.8 0.009 0.0 
0.0 0.0 0.0 0.0 0.0 1.0 

0.0 0.0 0.0 0.0 1.0 0.0 
0.0 0.0 0.0 0.0 1.0 0.0 

0.0 0.0 0.0 0.0 0.0 1.0 
0.0 0.0 0.0 0.0 0.0 1.0 


0.7 0.0 0.0 0.0 0.3 0.0 
0.0 0.0 0.0 0.0 0.0 1.0 

0.2 0.7 0.0 0.0 0.1 0.0 
0.0 0.0 0.0 0.0 0.0 1.0 

0.075 0.2 0.7 0.0 0.025 0.0 
0.0 0.0 0.0 0.0 0.0 1.0 

0.01 0.05 0.131 0.8 0.009 0.0 
0.0 0.0 0.0 0.0 0.0 1.0 

0.0 0.0 0.0 0.0 1.0 0.0 
0.0 0.0 0.0 0.0 1.0 0.0 

0.0 0.0 0.0 0.0 0.0 1.0 
0.0 0.0 0.0 0.0 0.0 1.0 


0.9 0.0 0.0 0.0 0.1 0.0 
0.0 0.0 0.0 0.0 0.0 1.0 

0.075 0.9 0.0 0.0 0.025 0.0 
0.0 0.0 0.0 0.0 0.0 1.0 

0.01 0.081 0.9 0.0 0.009 0.0 
0.0 0.0 0.0 0.0 0.0 1.0 

0.015 0.03 0.054 0.9 0.001 0.0 
0.0 0.0 0.0 0.0 0.0 1.0 

0.0 0.0 0.0 0.0 1.0 0.0 
0.0 0.0 0.0 0.0 1.0 0.0 

0.0 0.0 0.0 0.0 0.0 1.0 
0.0 0.0 0.0 0.0 0.0 1.0 


0.9 0.0 0.0 0.0 0.1 0.0 
0.0 0.0 0.0 0.0 0.0 1.0 

0.075 0.9 0.0 0.0 0.025 0.0 
0.0 0.0 0.0 0.0 0.0 1.0 

0.01 0.081 0.9 0.0 0.009 0.0 
0.0 0.0 0.0 0.0 0.0 1.0 

0.015 0.03 0.054 0.9 0.001 0.0 
0.0 0.0 0.0 0.0 0.0 1.0 

0.0 0.0 0.0 0.0 1.0 0.0 
0.0 0.0 0.0 0.0 1.0 0.0 

0.0 0.0 0.0 0.0 0.0 1.0 
0.0 0.0 0.0 0.0 0.0 1.0 


0.9 0.0 0.0 0.0 0.1 0.0 
0.0 0.0 0.0 0.0 0.0 1.0 

0.075 0.9 0.0 0.0 0.025 0.0 
0.0 0.0 0.0 0.0 0.0 1.0 

0.01 0.081 0.9 0.0 0.009 0.0 
0.0 0.0 0.0 0.0 0.0 1.0 

0.015 0.03 0.054 0.9 0.001 0.0 
0.0 0.0 0.0 0.0 0.0 1.0 

0.0 0.0 0.0 0.0 1.0 0.0 
0.0 0.0 0.0 0.0 1.0 0.0 

0.0 0.0 0.0 0.0 0.0 1.0 
0.0 0.0 0.0 0.0 0.0 1.0 


0.1 0.0 0.0 0.0 0.9 0.0 
0.0 0.0 0.0 0.0 0.0 1.0 

0.55 0.05 0.0 0.0 0.4 0.0 
0.0 0.0 0.0 0.0 0.0 1.0 

0.05 0.5 0.4 0.0 0.05 0.0 
0.0 0.0 0.0 0.0 0.0 1.0 

0.08 0.1 0.2 0.6 0.02 0.0 
0.0 0.0 0.0 0.0 0.0 1.0 

0.0 0.0 0.0 0.0 1.0 0.0 
0.0 0.0 0.0 0.0 1.0 0.0 

0.0 0.0 0.0 0.0 0.0 1.0 
0.0 0.0 0.0 0.0 0.0 1.0 


0.1 0.0 0.0 0.0 0.9 0.0 
0.0 0.0 0.0 0.0 0.0 1.0 

0.55 0.05 0.0 0.0 0.4 0.0 
0.0 0.0 0.0 0.0 0.0 1.0 

0.05 0.5 0.4 0.0 0.05 0.0 
0.0 0.0 0.0 0.0 0.0 1.0 

0.08 0.1 0.2 0.6 0.02 0.0 
0.0 0.0 0.0 0.0 0.0 1.0 

0.0 0.0 0.0 0.0 1.0 0.0 
0.0 0.0 0.0 0.0 1.0 0.0 

0.0 0.0 0.0 0.0 0.0 1.0 
0.0 0.0 0.0 0.0 0.0 1.0 


0.1 0.0 0.0 0.0 0.9 0.0 
0.0 0.0 0.0 0.0 0.0 1.0 

0.55 0.05 0.0 0.0 0.4 0.0 
0.0 0.0 0.0 0.0 0.0 1.0 

0.05 0.5 0.4 0.0 0.05 0.0 
0.0 0.0 0.0 0.0 0.0 1.0 

0.08 0.1 0.2 0.6 0.02 0.0 
0.0 0.0 0.0 0.0 0.0 1.0 

0.0 0.0 0.0 0.0 1.0 0.0 
0.0 0.0 0.0 0.0 1.0 0.0 

0.0 0.0 0.0 0.0 0.0 1.0 
0.0 0.0 0.0 0.0 0.0 1.0 


0.1 0.0 0.0 0.0 0.9 0.0 
0.0 0.0 0.0 0.0 0.0 1.0 

0.2 0.1 0.0 0.0 0.7 0.0 
0.0 0.0 0.0 0.0 0.0 1.0 

0.1 0.3 0.1 0.0 0.5 0.0 
0.0 0.0 0.0 0.0 0.0 1.0 

0.1 0.2 0.3 0.1 0.3 0.0 
0.0 0.0 0.0 0.0 0.0 1.0 

0.0 0.0 0.0 0.0 1.0 0.0 
0.0 0.0 0.0 0.0 1.0 0.0 

0.0 0.0 0.0 0.0 0.0 1.0 
0.0 0.0 0.0 0.0 0.0 1.0 


0.1 0.0 0.0 0.0 0.9 0.0 
0.0 0.0 0.0 0.0 0.0 1.0 

0.2 0.1 0.0 0.0 0.7 0.0 
0.0 0.0 0.0 0.0 0.0 1.0 

0.1 0.3 0.1 0.0 0.5 0.0 
0.0 0.0 0.0 0.0 0.0 1.0 

0.1 0.2 0.3 0.1 0.3 0.0 
0.0 0.0 0.0 0.0 0.0 1.0 

0.0 0.0 0.0 0.0 1.0 0.0 
0.0 0.0 0.0 0.0 1.0 0.0 

0.0 0.0 0.0 0.0 0.0 1.0 
0.0 0.0 0.0 0.0 0.0 1.0 


0.1 0.0 0.0 0.0 0.9 0.0 
0.0 0.0 0.0 0.0 0.0 1.0 

0.2 0.1 0.0 0.0 0.7 0.0 
0.0 0.0 0.0 0.0 0.0 1.0 

0.1 0.3 0.1 0.0 0.5 0.0 
0.0 0.0 0.0 0.0 0.0 1.0 

0.1 0.2 0.3 0.1 0.3 0.0 
0.0 0.0 0.0 0.0 0.0 1.0 

0.0 0.0 0.0 0.0 1.0 0.0 
0.0 0.0 0.0 0.0 1.0 0.0 

0.0 0.0 0.0 0.0 0.0 1.0 
0.0 0.0 0.0 0.0 0.0 1.0 


0.7 0.0 0.0 0.0 0.3 0.0 
0.0 0.0 0.0 0.0 0.0 1.0 

0.2 0.7 0.0 0.0 0.1 0.0 
0.0 0.0 0.0 0.0 0.0 1.0 

0.075 0.2 0.7 0.0 0.025 0.0 
0.0 0.0 0.0 0.0 0.0 1.0 

0.01 0.05 0.131 0.8 0.009 0.0 
0.0 0.0 0.0 0.0 0.0 1.0 

0.0 0.0 0.0 0.0 1.0 0.0 
0.0 0.0 0.0 0.0 1.0 0.0 

0.0 0.0 0.0 0.0 0.0 1.0 
0.0 0.0 0.0 0.0 0.0 1.0 


0.7 0.0 0.0 0.0 0.3 0.0 
0.0 0.0 0.0 0.0 0.0 1.0 

0.2 0.7 0.0 0.0 0.1 0.0 
0.0 0.0 0.0 0.0 0.0 1.0 

0.075 0.2 0.7 0.0 0.025 0.0 
0.0 0.0 0.0 0.0 0.0 1.0 

0.01 0.05 0.131 0.8 0.009 0.0 
0.0 0.0 0.0 0.0 0.0 1.0 

0.0 0.0 0.0 0.0 1.0 0.0 
0.0 0.0 0.0 0.0 1.0 0.0 

0.0 0.0 0.0 0.0 0.0 1.0 
0.0 0.0 0.0 0.0 0.0 1.0 


0.7 0.0 0.0 0.0 0.3 0.0 
0.0 0.0 0.0 0.0 0.0 1.0 

0.2 0.7 0.0 0.0 0.1 0.0 
0.0 0.0 0.0 0.0 0.0 1.0 

0.075 0.2 0.7 0.0 0.025 0.0 
0.0 0.0 0.0 0.0 0.0 1.0 

0.01 0.05 0.131 0.8 0.009 0.0 
0.0 0.0 0.0 0.0 0.0 1.0 

0.0 0.0 0.0 0.0 1.0 0.0 
0.0 0.0 0.0 0.0 1.0 0.0 

0.0 0.0 0.0 0.0 0.0 1.0 
0.0 0.0 0.0 0.0 0.0 1.0 


0.9 0.0 0.0 0.0 0.1 0.0 
0.0 0.0 0.0 0.0 0.0 1.0 

0.075 0.9 0.0 0.0 0.025 0.0 
0.0 0.0 0.0 0.0 0.0 1.0 

0.01 0.081 0.9 0.0 0.009 0.0 
0.0 0.0 0.0 0.0 0.0 1.0 

0.015 0.03 0.054 0.9 0.001 0.0 
0.0 0.0 0.0 0.0 0.0 1.0 

0.0 0.0 0.0 0.0 1.0 0.0 
0.0 0.0 0.0 0.0 1.0 0.0 

0.0 0.0 0.0 0.0 0.0 1.0 
0.0 0.0 0.0 0.0 0.0 1.0 


0.9 0.0 0.0 0.0 0.1 0.0 
0.0 0.0 0.0 0.0 0.0 1.0 

0.075 0.9 0.0 0.0 0.025 0.0 
0.0 0.0 0.0 0.0 0.0 1.0 

0.01 0.081 0.9 0.0 0.009 0.0 
0.0 0.0 0.0 0.0 0.0 1.0 

0.015 0.03 0.054 0.9 0.001 0.0 
0.0 0.0 0.0 0.0 0.0 1.0 

0.0 0.0 0.0 0.0 1.0 0.0 
0.0 0.0 0.0 0.0 1.0 0.0 

0.0 0.0 0.0 0.0 0.0 1.0 
0.0 0.0 0.0 0.0 0.0 1.0 


0.9 0.0 0.0 0.0 0.1 0.0 
0.0 0.0 0.0 0.0 0.0 1.0 

0.075 0.9 0.0 0.0 0.025 0.0 
0.0 0.0 0.0 0.0 0.0 1.0 

0.01 0.081 0.9 0.0 0.009 0.0 
0.0 0.0 0.0 0.0 0.0 1.0 

0.015 0.03 0.054 0.9 0.001 0.0 
0.0 0.0 0.0 0.0 0.0 1.0 

0.0 0.0 0.0 0.0 1.0 0.0 
0.0 0.0 0.0 0.0 1.0 0.0 

0.0 0.0 0.0 0.0 0.0 1.0 
0.0 0.0 0.0 0.0 0.0 1.0 


0.1 0.0 0.0 0.0 0.9 0.0 
0.0 0.0 0.0 0.0 0.0 1.0 

0.55 0.05 0.0 0.0 0.4 0.0 
0.0 0.0 0.0 0.0 0.0 1.0 

0.05 0.5 0.4 0.0 0.05 0.0 
0.0 0.0 0.0 0.0 0.0 1.0 

0.08 0.1 0.2 0.6 0.02 0.0 
0.0 0.0 0.0 0.0 0.0 1.0 

0.0 0.0 0.0 0.0 1.0 0.0 
0.0 0.0 0.0 0.0 1.0 0.0 

0.0 0.0 0.0 0.0 0.0 1.0 
0.0 0.0 0.0 0.0 0.0 1.0 


0.1 0.0 0.0 0.0 0.9 0.0 
0.0 0.0 0.0 0.0 0.0 1.0 

0.55 0.05 0.0 0.0 0.4 0.0 
0.0 0.0 0.0 0.0 0.0 1.0 

0.05 0.5 0.4 0.0 0.05 0.0 
0.0 0.0 0.0 0.0 0.0 1.0 

0.08 0.1 0.2 0.6 0.02 0.0 
0.0 0.0 0.0 0.0 0.0 1.0 

0.0 0.0 0.0 0.0 1.0 0.0 
0.0 0.0 0.0 0.0 1.0 0.0 

0.0 0.0 0.0 0.0 0.0 1.0 
0.0 0.0 0.0 0.0 0.0 1.0 


0.1 0.0 0.0 0.0 0.9 0.0 
0.0 0.0 0.0 0.0 0.0 1.0 

0.55 0.05 0.0 0.0 0.4 0.0 
0.0 0.0 0.0 0.0 0.0 1.0 

0.05 0.5 0.4 0.0 0.05 0.0 
0.0 0.0 0.0 0.0 0.0 1.0 

0.08 0.1 0.2 0.6 0.02 0.0 
0.0 0.0 0.0 0.0 0.0 1.0 

0.0 0.0 0.0 0.0 1.0 0.0 
0.0 0.0 0.0 0.0 1.0 0.0 

0.0 0.0 0.0 0.0 0.0 1.0 
0.0 0.0 0.0 0.0 0.0 1.0 


0.1 0.0 0.0 0.0 0.9 0.0 
0.0 0.0 0.0 0.0 0.0 1.0 

0.2 0.1 0.0 0.0 0.7 0.0 
0.0 0.0 0.0 0.0 0.0 1.0 

0.1 0.3 0.1 0.0 0.5 0.0 
0.0 0.0 0.0 0.0 0.0 1.0 

0.1 0.2 0.3 0.1 0.3 0.0 
0.0 0.0 0.0 0.0 0.0 1.0 

0.0 0.0 0.0 0.0 1.0 0.0 
0.0 0.0 0.0 0.0 1.0 0.0 

0.0 0.0 0.0 0.0 0.0 1.0 
0.0 0.0 0.0 0.0 0.0 1.0 


0.1 0.0 0.0 0.0 0.9 0.0 
0.0 0.0 0.0 0.0 0.0 1.0 

0.2 0.1 0.0 0.0 0.7 0.0 
0.0 0.0 0.0 0.0 0.0 1.0 

0.1 0.3 0.1 0.0 0.5 0.0 
0.0 0.0 0.0 0.0 0.0 1.0 

0.1 0.2 0.3 0.1 0.3 0.0 
0.0 0.0 0.0 0.0 0.0 1.0 

0.0 0.0 0.0 0.0 1.0 0.0 
0.0 0.0 0.0 0.0 1.0 0.0 

0.0 0.0 0.0 0.0 0.0 1.0 
0.0 0.0 0.0 0.0 0.0 1.0 


0.1 0.0 0.0 0.0 0.9 0.0 
0.0 0.0 0.0 0.0 0.0 1.0 

0.2 0.1 0.0 0.0 0.7 0.0 
0.0 0.0 0.0 0.0 0.0 1.0 

0.1 0.3 0.1 0.0 0.5 0.0 
0.0 0.0 0.0 0.0 0.0 1.0 

0.1 0.2 0.3 0.1 0.3 0.0 
0.0 0.0 0.0 0.0 0.0 1.0 

0.0 0.0 0.0 0.0 1.0 0.0 
0.0 0.0 0.0 0.0 1.0 0.0 

0.0 0.0 0.0 0.0 0.0 1.0 
0.0 0.0 0.0 0.0 0.0 1.0 


0.7 0.0 0.0 0.0 0.3 0.0 
0.0 0.0 0.0 0.0 0.0 1.0 

0.2 0.7 0.0 0.0 0.1 0.0 
0.0 0.0 0.0 0.0 0.0 1.0 

0.075 0.2 0.7 0.0 0.025 0.0 
0.0 0.0 0.0 0.0 0.0 1.0 

0.01 0.05 0.131 0.8 0.009 0.0 
0.0 0.0 0.0 0.0 0.0 1.0 

0.0 0.0 0.0 0.0 1.0 0.0 
0.0 0.0 0.0 0.0 1.0 0.0 

0.0 0.0 0.0 0.0 0.0 1.0 
0.0 0.0 0.0 0.0 0.0 1.0 


0.7 0.0 0.0 0.0 0.3 0.0 
0.0 0.0 0.0 0.0 0.0 1.0 

0.2 0.7 0.0 0.0 0.1 0.0 
0.0 0.0 0.0 0.0 0.0 1.0 

0.075 0.2 0.7 0.0 0.025 0.0 
0.0 0.0 0.0 0.0 0.0 1.0 

0.01 0.05 0.131 0.8 0.009 0.0 
0.0 0.0 0.0 0.0 0.0 1.0 

0.0 0.0 0.0 0.0 1.0 0.0 
0.0 0.0 0.0 0.0 1.0 0.0 

0.0 0.0 0.0 0.0 0.0 1.0 
0.0 0.0 0.0 0.0 0.0 1.0 


0.7 0.0 0.0 0.0 0.3 0.0 
0.0 0.0 0.0 0.0 0.0 1.0 

0.2 0.7 0.0 0.0 0.1 0.0 
0.0 0.0 0.0 0.0 0.0 1.0 

0.075 0.2 0.7 0.0 0.025 0.0 
0.0 0.0 0.0 0.0 0.0 1.0 

0.01 0.05 0.131 0.8 0.009 0.0 
0.0 0.0 0.0 0.0 0.0 1.0 

0.0 0.0 0.0 0.0 1.0 0.0 
0.0 0.0 0.0 0.0 1.0 0.0 

0.0 0.0 0.0 0.0 0.0 1.0 
0.0 0.0 0.0 0.0 0.0 1.0 


0.9 0.0 0.0 0.0 0.1 0.0 
0.0 0.0 0.0 0.0 0.0 1.0 

0.075 0.9 0.0 0.0 0.025 0.0 
0.0 0.0 0.0 0.0 0.0 1.0 

0.01 0.081 0.9 0.0 0.009 0.0 
0.0 0.0 0.0 0.0 0.0 1.0 

0.015 0.03 0.054 0.9 0.001 0.0 
0.0 0.0 0.0 0.0 0.0 1.0 

0.0 0.0 0.0 0.0 1.0 0.0 
0.0 0.0 0.0 0.0 1.0 0.0 

0.0 0.0 0.0 0.0 0.0 1.0 
0.0 0.0 0.0 0.0 0.0 1.0 


0.9 0.0 0.0 0.0 0.1 0.0 
0.0 0.0 0.0 0.0 0.0 1.0 

0.075 0.9 0.0 0.0 0.025 0.0 
0.0 0.0 0.0 0.0 0.0 1.0 

0.01 0.081 0.9 0.0 0.009 0.0 
0.0 0.0 0.0 0.0 0.0 1.0 

0.015 0.03 0.054 0.9 0.001 0.0 
0.0 0.0 0.0 0.0 0.0 1.0 

0.0 0.0 0.0 0.0 1.0 0.0 
0.0 0.0 0.0 0.0 1.0 0.0 

0.0 0.0 0.0 0.0 0.0 1.0 
0.0 0.0 0.0 0.0 0.0 1.0 


0.9 0.0 0.0 0.0 0.1 0.0 
0.0 0.0 0.0 0.0 0.0 1.0 

0.075 0.9 0.0 0.0 0.025 0.0 
0.0 0.0 0.0 0.0 0.0 1.0 

0.01 0.081 0.9 0.0 0.009 0.0 
0.0 0.0 0.0 0.0 0.0 1.0 

0.015 0.03 0.054 0.9 0.001 0.0 
0.0 0.0 0.0 0.0 0.0 1.0 

0.0 0.0 0.0 0.0 1.0 0.0 
0.0 0.0 0.0 0.0 1.0 0.0 

0.0 0.0 0.0 0.0 0.0 1.0 
0.0 0.0 0.0 0.0 0.0 1.0 


0.1 0.0 0.0 0.0 0.9 0.0 
0.0 0.0 0.0 0.0 0.0 1.0 

0.55 0.05 0.0 0.0 0.4 0.0 
0.0 0.0 0.0 0.0 0.0 1.0 

0.05 0.5 0.4 0.0 0.05 0.0 
0.0 0.0 0.0 0.0 0.0 1.0 

0.08 0.1 0.2 0.6 0.02 0.0 
0.0 0.0 0.0 0.0 0.0 1.0 

0.0 0.0 0.0 0.0 1.0 0.0 
0.0 0.0 0.0 0.0 1.0 0.0 

0.0 0.0 0.0 0.0 0.0 1.0 
0.0 0.0 0.0 0.0 0.0 1.0 


0.1 0.0 0.0 0.0 0.9 0.0 
0.0 0.0 0.0 0.0 0.0 1.0 

0.55 0.05 0.0 0.0 0.4 0.0 
0.0 0.0 0.0 0.0 0.0 1.0 

0.05 0.5 0.4 0.0 0.05 0.0 
0.0 0.0 0.0 0.0 0.0 1.0 

0.08 0.1 0.2 0.6 0.02 0.0 
0.0 0.0 0.0 0.0 0.0 1.0 

0.0 0.0 0.0 0.0 1.0 0.0 
0.0 0.0 0.0 0.0 1.0 0.0 

0.0 0.0 0.0 0.0 0.0 1.0 
0.0 0.0 0.0 0.0 0.0 1.0 


0.1 0.0 0.0 0.0 0.9 0.0 
0.0 0.0 0.0 0.0 0.0 1.0 

0.55 0.05 0.0 0.0 0.4 0.0 
0.0 0.0 0.0 0.0 0.0 1.0 

0.05 0.5 0.4 0.0 0.05 0.0 
0.0 0.0 0.0 0.0 0.0 1.0 

0.08 0.1 0.2 0.6 0.02 0.0 
0.0 0.0 0.0 0.0 0.0 1.0 

0.0 0.0 0.0 0.0 1.0 0.0 
0.0 0.0 0.0 0.0 1.0 0.0 

0.0 0.0 0.0 0.0 0.0 1.0 
0.0 0.0 0.0 0.0 0.0 1.0 


0.1 0.0 0.0 0.0 0.9 0.0 
0.0 0.0 0.0 0.0 0.0 1.0 

0.2 0.1 0.0 0.0 0.7 0.0 
0.0 0.0 0.0 0.0 0.0 1.0 

0.1 0.3 0.1 0.0 0.5 0.0 
0.0 0.0 0.0 0.0 0.0 1.0 

0.1 0.2 0.3 0.1 0.3 0.0 
0.0 0.0 0.0 0.0 0.0 1.0 

0.0 0.0 0.0 0.0 1.0 0.0 
0.0 0.0 0.0 0.0 1.0 0.0 

0.0 0.0 0.0 0.0 0.0 1.0 
0.0 0.0 0.0 0.0 0.0 1.0 


0.1 0.0 0.0 0.0 0.9 0.0 
0.0 0.0 0.0 0.0 0.0 1.0 

0.2 0.1 0.0 0.0 0.7 0.0 
0.0 0.0 0.0 0.0 0.0 1.0 

0.1 0.3 0.1 0.0 0.5 0.0 
0.0 0.0 0.0 0.0 0.0 1.0 

0.1 0.2 0.3 0.1 0.3 0.0 
0.0 0.0 0.0 0.0 0.0 1.0 

0.0 0.0 0.0 0.0 1.0 0.0 
0.0 0.0 0.0 0.0 1.0 0.0 

0.0 0.0 0.0 0.0 0.0 1.0 
0.0 0.0 0.0 0.0 0.0 1.0 


0.1 0.0 0.0 0.0 0.9 0.0 
0.0 0.0 0.0 0.0 0.0 1.0 

0.2 0.1 0.0 0.0 0.7 0.0 
0.0 0.0 0.0 0.0 0.0 1.0 

0.1 0.3 0.1 0.0 0.5 0.0 
0.0 0.0 0.0 0.0 0.0 1.0 

0.1 0.2 0.3 0.1 0.3 0.0 
0.0 0.0 0.0 0.0 0.0 1.0 

0.0 0.0 0.0 0.0 1.0 0.0 
0.0 0.0 0.0 0.0 1.0 0.0 

0.0 0.0 0.0 0.0 0.0 1.0 
0.0 0.0 0.0 0.0 0.0 1.0 


0.7 0.0 0.0 0.0 0.3 0.0 
0.0 0.0 0.0 0.0 0.0 1.0 

0.2 0.7 0.0 0.0 0.1 0.0 
0.0 0.0 0.0 0.0 0.0 1.0 

0.075 0.2 0.7 0.0 0.025 0.0 
0.0 0.0 0.0 0.0 0.0 1.0 

0.01 0.05 0.131 0.8 0.009 0.0 
0.0 0.0 0.0 0.0 0.0 1.0 

0.0 0.0 0.0 0.0 1.0 0.0 
0.0 0.0 0.0 0.0 1.0 0.0 

0.0 0.0 0.0 0.0 0.0 1.0 
0.0 0.0 0.0 0.0 0.0 1.0 


0.7 0.0 0.0 0.0 0.3 0.0 
0.0 0.0 0.0 0.0 0.0 1.0 

0.2 0.7 0.0 0.0 0.1 0.0 
0.0 0.0 0.0 0.0 0.0 1.0 

0.075 0.2 0.7 0.0 0.025 0.0 
0.0 0.0 0.0 0.0 0.0 1.0 

0.01 0.05 0.131 0.8 0.009 0.0 
0.0 0.0 0.0 0.0 0.0 1.0 

0.0 0.0 0.0 0.0 1.0 0.0 
0.0 0.0 0.0 0.0 1.0 0.0 

0.0 0.0 0.0 0.0 0.0 1.0 
0.0 0.0 0.0 0.0 0.0 1.0 


0.7 0.0 0.0 0.0 0.3 0.0 
0.0 0.0 0.0 0.0 0.0 1.0 

0.2 0.7 0.0 0.0 0.1 0.0 
0.0 0.0 0.0 0.0 0.0 1.0 

0.075 0.2 0.7 0.0 0.025 0.0 
0.0 0.0 0.0 0.0 0.0 1.0 

0.01 0.05 0.131 0.8 0.009 0.0 
0.0 0.0 0.0 0.0 0.0 1.0 

0.0 0.0 0.0 0.0 1.0 0.0 
0.0 0.0 0.0 0.0 1.0 0.0 

0.0 0.0 0.0 0.0 0.0 1.0 
0.0 0.0 0.0 0.0 0.0 1.0 


0.9 0.0 0.0 0.0 0.1 0.0 
0.0 0.0 0.0 0.0 0.0 1.0 

0.075 0.9 0.0 0.0 0.025 0.0 
0.0 0.0 0.0 0.0 0.0 1.0 

0.01 0.081 0.9 0.0 0.009 0.0 
0.0 0.0 0.0 0.0 0.0 1.0 

0.015 0.03 0.054 0.9 0.001 0.0 
0.0 0.0 0.0 0.0 0.0 1.0 

0.0 0.0 0.0 0.0 1.0 0.0 
0.0 0.0 0.0 0.0 1.0 0.0 

0.0 0.0 0.0 0.0 0.0 1.0 
0.0 0.0 0.0 0.0 0.0 1.0 


0.9 0.0 0.0 0.0 0.1 0.0 
0.0 0.0 0.0 0.0 0.0 1.0 

0.075 0.9 0.0 0.0 0.025 0.0 
0.0 0.0 0.0 0.0 0.0 1.0 

0.01 0.081 0.9 0.0 0.009 0.0 
0.0 0.0 0.0 0.0 0.0 1.0 

0.015 0.03 0.054 0.9 0.001 0.0 
0.0 0.0 0.0 0.0 0.0 1.0 

0.0 0.0 0.0 0.0 1.0 0.0 
0.0 0.0 0.0 0.0 1.0 0.0 

0.0 0.0 0.0 0.0 0.0 1.0 
0.0 0.0 0.0 0.0 0.0 1.0 


0.9 0.0 0.0 0.0 0.1 0.0 
0.0 0.0 0.0 0.0 0.0 1.0 

0.075 0.9 0.0 0.0 0.025 0.0 
0.0 0.0 0.0 0.0 0.0 1.0 

0.01 0.081 0.9 0.0 0.009 0.0 
0.0 0.0 0.0 0.0 0.0 1.0 

0.015 0.03 0.054 0.9 0.001 0.0 
0.0 0.0 0.0 0.0 0.0 1.0 

0.0 0.0 0.0 0.0 1.0 0.0 
0.0 0.0 0.0 0.0 1.0 0.0 

0.0 0.0 0.0 0.0 0.0 1.0 
0.0 0.0 0.0 0.0 0.0 1.0 


0.1 0.0 0.0 0.0 0.9 0.0 
0.0 0.0 0.0 0.0 0.0 1.0 

0.55 0.05 0.0 0.0 0.4 0.0 
0.0 0.0 0.0 0.0 0.0 1.0 

0.05 0.5 0.4 0.0 0.05 0.0 
0.0 0.0 0.0 0.0 0.0 1.0 

0.08 0.1 0.2 0.6 0.02 0.0 
0.0 0.0 0.0 0.0 0.0 1.0 

0.0 0.0 0.0 0.0 1.0 0.0 
0.0 0.0 0.0 0.0 1.0 0.0 

0.0 0.0 0.0 0.0 0.0 1.0 
0.0 0.0 0.0 0.0 0.0 1.0 


0.1 0.0 0.0 0.0 0.9 0.0 
0.0 0.0 0.0 0.0 0.0 1.0 

0.55 0.05 0.0 0.0 0.4 0.0 
0.0 0.0 0.0 0.0 0.0 1.0 

0.05 0.5 0.4 0.0 0.05 0.0 
0.0 0.0 0.0 0.0 0.0 1.0 

0.08 0.1 0.2 0.6 0.02 0.0 
0.0 0.0 0.0 0.0 0.0 1.0 

0.0 0.0 0.0 0.0 1.0 0.0 
0.0 0.0 0.0 0.0 1.0 0.0 

0.0 0.0 0.0 0.0 0.0 1.0 
0.0 0.0 0.0 0.0 0.0 1.0 


0.1 0.0 0.0 0.0 0.9 0.0 
0.0 0.0 0.0 0.0 0.0 1.0 

0.55 0.05 0.0 0.0 0.4 0.0 
0.0 0.0 0.0 0.0 0.0 1.0 

0.05 0.5 0.4 0.0 0.05 0.0 
0.0 0.0 0.0 0.0 0.0 1.0 

0.08 0.1 0.2 0.6 0.02 0.0 
0.0 0.0 0.0 0.0 0.0 1.0 

0.0 0.0 0.0 0.0 1.0 0.0 
0.0 0.0 0.0 0.0 1.0 0.0 

0.0 0.0 0.0 0.0 0.0 1.0 
0.0 0.0 0.0 0.0 0.0 1.0 


0.1 0.0 0.0 0.0 0.9 0.0 
0.0 0.0 0.0 0.0 0.0 1.0 

0.2 0.1 0.0 0.0 0.7 0.0 
0.0 0.0 0.0 0.0 0.0 1.0 

0.1 0.3 0.1 0.0 0.5 0.0 
0.0 0.0 0.0 0.0 0.0 1.0 

0.1 0.2 0.3 0.1 0.3 0.0 
0.0 0.0 0.0 0.0 0.0 1.0 

0.0 0.0 0.0 0.0 1.0 0.0 
0.0 0.0 0.0 0.0 1.0 0.0 

0.0 0.0 0.0 0.0 0.0 1.0 
0.0 0.0 0.0 0.0 0.0 1.0 


0.1 0.0 0.0 0.0 0.9 0.0 
0.0 0.0 0.0 0.0 0.0 1.0 

0.2 0.1 0.0 0.0 0.7 0.0 
0.0 0.0 0.0 0.0 0.0 1.0 

0.1 0.3 0.1 0.0 0.5 0.0 
0.0 0.0 0.0 0.0 0.0 1.0 

0.1 0.2 0.3 0.1 0.3 0.0 
0.0 0.0 0.0 0.0 0.0 1.0 

0.0 0.0 0.0 0.0 1.0 0.0 
0.0 0.0 0.0 0.0 1.0 0.0 

0.0 0.0 0.0 0.0 0.0 1.0 
0.0 0.0 0.0 0.0 0.0 1.0 


0.1 0.0 0.0 0.0 0.9 0.0 
0.0 0.0 0.0 0.0 0.0 1.0 

0.2 0.1 0.0 0.0 0.7 0.0 
0.0 0.0 0.0 0.0 0.0 1.0 

0.1 0.3 0.1 0.0 0.5 0.0 
0.0 0.0 0.0 0.0 0.0 1.0 

0.1 0.2 0.3 0.1 0.3 0.0 
0.0 0.0 0.0 0.0 0.0 1.0 

0.0 0.0 0.0 0.0 1.0 0.0 
0.0 0.0 0.0 0.0 1.0 0.0 

0.0 0.0 0.0 0.0 0.0 1.0 
0.0 0.0 0.0 0.0 0.0 1.0 


0.7 0.0 0.0 0.0 0.3 0.0 
0.0 0.0 0.0 0.0 0.0 1.0 

0.2 0.7 0.0 0.0 0.1 0.0 
0.0 0.0 0.0 0.0 0.0 1.0 

0.075 0.2 0.7 0.0 0.025 0.0 
0.0 0.0 0.0 0.0 0.0 1.0 

0.01 0.05 0.131 0.8 0.009 0.0 
0.0 0.0 0.0 0.0 0.0 1.0 

0.0 0.0 0.0 0.0 1.0 0.0 
0.0 0.0 0.0 0.0 1.0 0.0 

0.0 0.0 0.0 0.0 0.0 1.0 
0.0 0.0 0.0 0.0 0.0 1.0 


0.7 0.0 0.0 0.0 0.3 0.0 
0.0 0.0 0.0 0.0 0.0 1.0 

0.2 0.7 0.0 0.0 0.1 0.0 
0.0 0.0 0.0 0.0 0.0 1.0 

0.075 0.2 0.7 0.0 0.025 0.0 
0.0 0.0 0.0 0.0 0.0 1.0 

0.01 0.05 0.131 0.8 0.009 0.0 
0.0 0.0 0.0 0.0 0.0 1.0 

0.0 0.0 0.0 0.0 1.0 0.0 
0.0 0.0 0.0 0.0 1.0 0.0 

0.0 0.0 0.0 0.0 0.0 1.0 
0.0 0.0 0.0 0.0 0.0 1.0 


0.7 0.0 0.0 0.0 0.3 0.0 
0.0 0.0 0.0 0.0 0.0 1.0 

0.2 0.7 0.0 0.0 0.1 0.0 
0.0 0.0 0.0 0.0 0.0 1.0 

0.075 0.2 0.7 0.0 0.025 0.0 
0.0 0.0 0.0 0.0 0.0 1.0 

0.01 0.05 0.131 0.8 0.009 0.0 
0.0 0.0 0.0 0.0 0.0 1.0 

0.0 0.0 0.0 0.0 1.0 0.0 
0.0 0.0 0.0 0.0 1.0 0.0 

0.0 0.0 0.0 0.0 0.0 1.0 
0.0 0.0 0.0 0.0 0.0 1.0 


0.9 0.0 0.0 0.0 0.1 0.0 
0.0 0.0 0.0 0.0 0.0 1.0 

0.075 0.9 0.0 0.0 0.025 0.0 
0.0 0.0 0.0 0.0 0.0 1.0 

0.01 0.081 0.9 0.0 0.009 0.0 
0.0 0.0 0.0 0.0 0.0 1.0 

0.015 0.03 0.054 0.9 0.001 0.0 
0.0 0.0 0.0 0.0 0.0 1.0 

0.0 0.0 0.0 0.0 1.0 0.0 
0.0 0.0 0.0 0.0 1.0 0.0 

0.0 0.0 0.0 0.0 0.0 1.0 
0.0 0.0 0.0 0.0 0.0 1.0 


0.9 0.0 0.0 0.0 0.1 0.0 
0.0 0.0 0.0 0.0 0.0 1.0 

0.075 0.9 0.0 0.0 0.025 0.0 
0.0 0.0 0.0 0.0 0.0 1.0 

0.01 0.081 0.9 0.0 0.009 0.0 
0.0 0.0 0.0 0.0 0.0 1.0 

0.015 0.03 0.054 0.9 0.001 0.0 
0.0 0.0 0.0 0.0 0.0 1.0 

0.0 0.0 0.0 0.0 1.0 0.0 
0.0 0.0 0.0 0.0 1.0 0.0 

0.0 0.0 0.0 0.0 0.0 1.0 
0.0 0.0 0.0 0.0 0.0 1.0 


0.9 0.0 0.0 0.0 0.1 0.0 
0.0 0.0 0.0 0.0 0.0 1.0 

0.075 0.9 0.0 0.0 0.025 0.0 
0.0 0.0 0.0 0.0 0.0 1.0 

0.01 0.081 0.9 0.0 0.009 0.0 
0.0 0.0 0.0 0.0 0.0 1.0 

0.015 0.03 0.054 0.9 0.001 0.0 
0.0 0.0 0.0 0.0 0.0 1.0 

0.0 0.0 0.0 0.0 1.0 0.0 
0.0 0.0 0.0 0.0 1.0 0.0 

0.0 0.0 0.0 0.0 0.0 1.0 
0.0 0.0 0.0 0.0 0.0 1.0 



